           0           0
           0          30
         112         173
          55         179
         140         177
         185          93
          70         188
          19          91
          69         194
          22         153
          68         136
         149         135
         179           8
         123         138
          39          78
         119          23
           6          43
          49         149
         121         164
          52         128
          20         106
         140          51
          53          67
          30          53
          32          94
          54         128
         129         154
         155          98
         185         130
         130         153
         184          11
          93          90
         125         180
         132          79
         122          14
         155          74
          14          82
         141          76
         194          88
          19           1
          30           4
         156         107
         117         169
         164         190
         124         108
         189         171
          63         126
          20          65
          22         119
          41          30
         186         107
         146         158
         144         166
          74          33
          48          61
          88         169
         107         165
          91          14
          96          40
         195          55
          94           8
          19          91
          59          85
         137         196
         157         198
          17         150
         139          41
           6          26
         116         154
         194         150
         143         111
           2         108
         122         163
          66         175
          36          97
          42         170
          80          21
         120         195
         184         185
         134          25
          32          61
         156         128
         186          65
         167          33
         129          40
         149           6
          23         112
          43          43
          21         106
          61         102
          63         106
         190          46
         178          33
          32         104
         191         178
           2          17
          25         119
           7         151
         116          44
          27          54
         186          93
         179          44
         142          88
          25         186
         148          88
          68          80
         134         131
           0         194
         185         112
          14         130
          34         181
         120          99
          66         103
          68         178
         153          40
         191         132
         117           0
          78         183
           6         187
         110         120
         114          93
          30         194
         150         132
         103          30
         182          72
           9         127
          11          17
          67         146
         183         154
          49          11
         105         128
         178         174
          90          34
          80         191
          77          70
          21         176
          43         150
         197         184
          43          80
         137          77
          49          43
          79          26
          36          64
          81         194
         129         162
          20         137
         167         154
         158         143
          71          32
         188          94
         120          95
         124          58
         190          68
         128         164
         140         175
         196         148
          51         122
          78         159
         193          59
          60          33
         106           4
          65         136
         179         120
         106         170
          14         162
         161          16
         176           4
          60         137
         117         156
         185         165
         194          78
          35         124
          78         172
          15          95
          13           3
          31           8
         142          27
          36         112
         130           7
           1          76
          34          56
         184          99
          84          59
         122         156
         132           1
         134          79
          80         115
         142          41
          14         138
         156         132
          48          34
          30         113
         190          77
          23          85
         113         198
          61          66
          59         133
         128         126
          95         169
         136          80
         194         116
         115         137
         181         186
         173           5
         118          38
         122           3
         186          75
          19         117
          13         105
          12           5
          75         140
          12         156
         143         199
         129           6
         118          73
         112         155
          23          23
         149         137
          47          33
         123         187
         151         193
         123         179
         186         125
         111          50
          67         165
          26          82
         152         118
          57          80
         138         162
          85         180
          30          86
          60         158
          91          12
          97          37
          72         110
         131         191
          73         139
         121         119
         187          38
          50         148
         106         124
          72          66
         192           7
          84         188
          80           3
         193         182
         199         185
          38          33
         135         127
          11          33
          52          52
         132          29
          96          73
          60         118
          82         195
         152          39
          98         183
          83          20
          80         158
          70          37
         131          73
          32         183
          38         107
          55         143
         154         181
         118          65
         106          27
          50         194
          97          99
           6          76
         126           1
         154         103
          31         171
          77         144
          70         135
          37         164
         131         195
         181         104
         112          41
         190         101
          33           8
          61          31
          47         195
          99         127
          40         148
         176          72
          75          31
          73          56
          20         195
          57         107
          26          64
         122          93
         103         136
          69          80
         117         120
          23         120
          76         149
          49         193
         116          86
         128         188
          41          35
         106          28
          66         141
          34         186
         182          10
          91         179
         193         129
          92          35
          31         167
          12          52
         121         189
          23         144
          90          84
          75          32
          63          31
          57         191
          41         130
          12          71
         146         138
          10         150
          32         167
         151         190
         161          38
          15         108
          30          56
         184         105
          26         108
          21          72
           0         130
         175          48
          29         137
         138          90
         143         169
          55          39
          19         117
         125          14
          22          33
           2         120
         146         126
          22          46
          73         146
         196         110
         193           8
         119          25
         184          32
          76         186
          16          28
         122          87
          65          28
         171         140
         148         174
          14         159
         102          31
         177          26
          24          45
          27          33
          32          41
          12         101
         102         143
          59          36
         143          22
         105          40
          62         133
           2         139
         150         136
         195           9
          83         132
         110           2
          67           9
         165         108
          69         149
          60           5
          29          23
         148           5
          73         190
          28          30
          96         118
         107         175
         178          48
         136          58
         129          49
         129         154
         123         197
          25          91
         141         152
         170          15
         112          63
         105          49
          89          86
          92          36
         147          98
          44         191
         154         185
         162          12
          74          82
          44          25
         166           2
          88         153
         189          24
           0          15
          48          28
          65          44
          32         143
         189         137
         183          37
         113         197
           0         197
         182          15
         161         190
          62         178
         183          57
           2         181
         187         197
          20         135
         128          93
          52          60
         163         187
         104         130
         168         129
          61         149
          52         151
          34         136
          66         152
         171         160
          19         117
         175          23
         173          48
         184          85
         177          70
         172          77
          14         193
          15          56
           2         123
           0           6
          49         163
         168          63
          69         161
         189         126
         182         113
           5         113
          57         164
          46           2
         189         175
           3         108
         161          54
         185         190
          67          84
         192         195
         181         129
          97         180
         147         153
         190          86
          71          97
          30         137
          87          93
          82          44
         111          16
          39         130
          89          82
          19          72
          87          92
         173         160
         136         117
         117         119
          30          97
          18         173
         111          12
          91         183
          40          37
         100          67
           0          77
          48         123
          30          51
         190          60
          23         150
          82         188
         180          61
         156          89
         115           9
          97         118
         166          83
          20          91
         106          67
          25         171
          40         178
          29          93
         154          61
         175         195
           9         141
          93         197
           8          60
         190          97
          82          68
         183          47
         159         133
          35         144
         120         127
          50          58
         123         119
         162         197
          57          64
          28         134
         120         139
         134         123
          59         119
          48          64
         173          32
          31          25
         146         112
           0         121
         175          90
          86          45
          27         101
          16          28
         128         199
          89         189
          52         128
          36         144
          48          83
          60          18
         144         186
         114          90
         171          63
          34          48
         142          86
          65         139
         141          28
         143         148
         140          49
           7           1
          27          68
         141         180
          92          37
         117         101
         129         167
          61         178
         151         134
          29          21
          60          68
         166         161
          24         173
          51         111
         159          19
         193         184
         127          19
          23         143
          41         182
          73          27
          95         130
         187          36
         144         192
          85          39
         181          44
          93         199
          70          63
         174           3
          44          91
         102          64
          71          78
          61         186
         120         125
          40          55
         150          78
          49          12
         162         170
          81         131
         117         126
         156         158
          82          22
         163         165
         159          90
          99          92
         117          48
         100          25
         155          87
         109          69
         199          31
         155         192
          68          41
          43          41
          13          37
         127          84
          65         146
          54         107
          46         183
          30         182
         123          91
         150         128
          39          41
          92          92
         168         118
          73          65
          37         120
          56          10
          19         178
          64          93
         150          78
          26          84
          51           3
         182          83
         110           5
         194          23
          23         149
         184         183
         104          74
         127          46
          71          36
         160          89
         142          21
          87         164
         138         194
          50         155
          31         156
         195          60
          49          69
         130         190
          77         189
          36          80
          77          87
         182         120
         140         154
          46           6
         138          13
         182         154
         116          52
          72         131
          31          51
          16         184
          33          60
         158           5
          65         157
         195         174
          41          78
         115         164
          72          31
          13         144
         168         151
         155         185
         116         139
         169         182
         180         185
         198          25
          78          52
          63          97
         155         172
         101          45
         141          58
         171           5
         155         128
          37          44
         192         170
         158         160
         182         138
         128         122
         137         110
          49          38
         199         181
          32         195
         131         180
          14          56
          33          32
         112          75
         154         160
         192         169
          95         133
         140          75
         126          32
          87         174
         187          92
         125          41
         108          81
          37          55
         100         109
          82          90
          96          78
         127         193
          14          69
          83          27
          14          76
         168           7
          79         112
         125         132
          62         163
          16         105
         103          79
          37          37
          90           4
         106           2
          43         190
         174         144
          99         186
         102         159
         190         170
         143         186
          85         126
           5          86
         125          63
         152         186
         183          66
          59         159
          44          57
         112         187
         133          44
           5          16
         122         172
          95         183
          84          54
          31          67
          79         169
         160          18
         115          76
         126         163
         161         165
          89         149
          68         139
          16          72
           8         102
         155          40
          39          47
          18          78
           6         121
         108         181
          23          22
          76         109
          77           0
         123         127
          64         148
          51         140
          88         132
          61         178
          35          66
          46          49
          59           8
         163         140
          95          27
          91           9
          70           7
          78         191
          59         169
         117         126
         111          30
          73          42
          95         157
          99         132
          13         106
         146          84
          87         103
          63          48
         115         181
          23         145
         101         108
           5          71
         182          86
          57          43
         191          27
          46         153
         102         164
          80          22
         157          54
         186         172
         111          33
          53          17
         167         110
         185         108
         109         128
          37          19
         105           7
          29          91
         150          60
          51         184
          46          32
           9         152
         156          39
          67         193
          79         165
          25         100
         190         110
          36         126
         172          33
          76          49
          37          67
          67          19
         160          23
         182         107
          80          13
          96         192
         105         104
         197          46
         168         108
         193          62
         171         138
         130         189
          95         139
          21         167
          38          71
          32          93
         198         195
         146         168
          92         194
          35          24
         106          56
          37          17
          63         186
         168          49
           1         167
          55          63
         134         116
         178         112
          42          57
         137         142
          35         184
         146          35
         193         125
          65         173
          64         134
          84          45
          76          23
         140         127
          62          29
         168          85
         163          46
          33          84
          75         199
          71         120
          31          40
          29         198
         100          60
         130          67
          28          18
         173         182
          21         180
         192          22
          55         147
         115         113
          86         171
         143          32
          86         166
         114          33
          88         163
         193          57
         198         179
         177          65
          56         124
         165          62
          76          42
         198         183
          32          43
          24         132
          38          64
         130         196
         192          51
         141          58
         104          92
          87          93
         130         108
          67          23
          83          14
          81         196
         177         105
         129          37
         169          44
           8         113
         190         172
         157          10
         153         127
         164          68
         108           1
          93         184
          26         144
          77          13
          57         121
         159          98
          74          57
          31          47
         154          33
          95          83
           8          78
          15         149
          61          36
         184          14
           0         140
          28         141
          35         159
          53         134
           4         134
          87          55
         140         128
          38         159
         167         133
         105           1
          31         155
          15          72
          18          95
         139          86
         172         184
         198          80
           0         161
          36          46
         180         152
         105          49
          39         193
          55         103
         136         183
         135          93
          27          73
         131         163
         117          63
         199          61
          35          13
          48          78
         162          78
         175         127
         155         101
         174          62
         168         174
          57         129
          29          12
         114          89
         173         126
         141          40
         189          42
           4           8
         199         154
          37         145
          98          22
          70          96
           7         119
         171         143
         135         174
          32         172
          80          28
          69          93
          84         180
          39           2
         165         149
          32          74
         178          41
         137          78
         141          71
         184         116
         141         136
         148          99
         170         102
          54          67
         150         148
         181          84
         109           3
         121         156
         166         136
          29          14
         176         119
          76         175
          19          74
         192          59
         134          51
         112         164
         109           9
         104         108
           9         183
          16         172
           3          14
         137         116
           9          56
          73         154
         190         104
         150          56
         163          45
           7         115
         156          49
         198          36
         115          92
         177         178
          54         165
          91           6
         169         169
         166          75
         134         171
         105          66
         157           7
          56          39
          88          18
          19         105
          39         106
          16         154
          31          46
          20         157
          47         173
         102         154
         172         105
         197         100
         177           6
         151           7
         157         134
          43          34
          91         186
         162          26
           7          42
          32         101
         165         150
          86         172
           0          99
         139         104
         106          11
          84          57
          88         145
          45         156
         131          88
         120         109
         128         179
         153         176
         122          35
         156          49
          12         109
          61          69
         141         113
         155         169
          23          16
          89          95
          99         103
         169         112
         109         103
         155          59
         179         151
         159         182
          64          50
          65          93
          55          34
          14         140
          68           1
         174          52
         111         100
          86          27
          28         180
          63          85
         160         177
         156         177
          66         140
          45          74
         111          64
         182          11
         118          57
          40         193
          15         136
          41          18
         112         105
         129          43
           3          87
         174          82
         136           4
         188           5
          10         184
         196          80
          69         153
          35         178
         174          92
         152         134
         143          18
          62          37
         100         173
          80         121
           2          45
          98         111
         118         183
         180          43
          47         147
         106         144
         143         136
         181          39
         140          12
          32          85
         112         141
         131         195
          84         123
          64          81
         187          76
          35         122
          19         164
         173         139
          73          75
         195         157
         156          61
          18          37
          31          25
          75          13
          54         177
          15          95
         194          39
           3         117
          26         157
          52          55
          28          87
          68         140
          54           2
         166          43
          24         178
          34         124
         169          24
          92          23
          13         143
          70          85
          43          74
          96         153
         141         109
         113         185
         131          36
          39         115
           1         158
           8          74
          37          61
          93          72
          98         189
         181          35
          75          64
          46          63
          10          80
         136          13
          82          21
         133         185
         174          14
         142          48
          76          78
         121         100
         181         150
         159          58
           2         183
           6         100
          67         117
          56          64
          78          47
         139          25
         140          64
         147          26
         103          33
          71         175
          82         147
          48         118
         122          26
         175          85
         163          18
          62          84
         114         182
         145          82
          71         193
          76         136
         170         115
          60         160
         178          92
          87         178
          44          83
         100         115
         131         132
           8          62
           8         117
           6          58
         181         190
          54          88
         109          84
           2           2
          21         196
          67         137
          86          20
          77          65
         176         191
          21         152
         192         106
         128          92
          50         117
         135         169
           8          57
          93          82
          93          33
         175         113
         105          21
         192         186
         150          31
          38          68
         131         120
         153          61
          72           8
         132          81
          23          31
          72         156
          68         198
           9         141
          58          87
          72          12
         111         143
          20          65
          99         140
          63          25
         118         109
         141           0
          38         135
          55          36
           9         128
          65         177
          26          69
          95          89
         155         192
          46          35
         151          79
           2         149
          65          23
          64         145
          96          79
         112           2
          37          63
           0         162
          50         184
          90           5
          13         133
           3          47
         128         151
         170         122
          86          60
         174         180
          14          46
         149         143
         115          82
         143         153
          15         172
         173          21
         104         193
          70          72
         154          62
          57         111
          91          84
          61         133
           1          85
           3         138
          65         109
         193          38
           1         111
         106          54
         198         115
          19          79
          12         167
          52         154
          25          56
         129          30
         155          16
          44         126
         174         106
         110          63
          26         120
         110           8
          60         104
         159          78
           8          63
         182         195
         120          74
         151         158
          45         122
         171          54
         190          32
          73         192
         191          44
          63          90
          26          22
          69         121
         153          36
          51          95
         134         127
          36          83
          95          64
         136         102
          77         107
         191         149
          71         143
          27          88
          82         116
         135          16
          33          15
         108          14
          15          42
          79          63
          21           5
          46         114
         197          72
          99         143
         167          45
          88         100
         184         122
          30         130
          34           9
         106         190
         136          73
         168         139
          91          38
         154         169
         192          87
          75           8
         178           5
          99          34
         173         124
           8          84
          74         158
          88          76
          59           0
         104         194
         186          30
          80          22
         182          57
         161         116
          79          92
          78          82
         165          15
          35         189
         161          67
         167          40
         166          11
         144           0
         106          49
         104         123
         118          96
          47          72
          48         152
          79         134
         193          46
         195         116
         122         135
          19         182
          25          72
         194          69
          33          72
         191          71
         146          12
         141         136
         149          49
         156         194
          91         189
         181         143
         104         133
         167         122
          78          24
         135         182
         106          37
          74         172
          55         128
         191          17
         158          59
          84          71
          40           1
          93         145
         125           5
           9          36
         114         151
          93         134
          54         149
          18          60
         125           1
         118          47
         191         129
         115          90
          68         124
         141          77
         104         154
           5         131
          23          18
          87         157
         176         143
          64         198
          45         122
         193         151
         120         142
          29          26
         141         169
          87         118
           5          70
          41         100
          35          87
         146         184
         119         162
          52           3
         147          48
         121         195
         106          40
         126          33
         171          93
          53          42
         106          81
          64         121
          29          23
          48         148
          67          92
         136         132
          58          35
          95         124
          10          57
          72         115
         176           6
         149           4
         173         126
          29         130
         128         172
         183         100
          42          44
          57          89
         167          74
          26          39
         197          33
         180          96
         137          21
         167          14
         186          45
          97          57
         199         199
         117          45
         162         146
          11         168
           8          38
         175         160
         143          53
         196         138
          93         176
          15          57
         138         145
         182         166
           4          95
          57          65
          54          26
         182         147
          94          10
          14         175
          14         183
         190          59
         173         113
         143          27
         168         158
         102          35
         167          24
         106         153
         188         143
         153          25
         137         181
          73          37
           3          10
         137         156
          94         192
          72           6
          47          41
          77         118
         114          84
         173          25
         186         172
          98         114
          81         109
           9         127
         196          71
         115         109
         129           3
         186         191
         126          22
          31          17
          78          86
         152          30
          40          44
          21          15
           5          28
          14          51
         192         157
          85          52
          65         123
         195          56
         111          61
         118         103
          44          28
          32          96
          21         176
          18         110
         140         196
         111         139
          68          45
         167          94
           5         109
          43          18
          54         157
         162          95
          97         162
         191         137
         145         194
         169         164
         150          80
         156          82
          35          79
          67          98
          51          44
         147         191
          71         157
         198           3
          81         181
          40          11
         120          97
         123          77
          81         178
         176         125
          24          51
          48          69
         110         165
         146         170
          14         139
         170          20
         169         173
           0         142
          73          15
         182          32
         173          14
           9          92
          78          75
         131         113
           9         192
         117          64
          69         132
          32         157
         126         155
          64         134
          71          64
           5         125
         173         114
         186          28
          56         117
          95         190
         170          97
           9         101
          74          39
          14         136
         136          76
         181           3
         144         149
          44          43
         157         146
         164          66
          67         172
          81         112
         162          55
          70         182
         100          59
         198          39
          59         148
          50         113
         188          99
         107          70
          80          79
          43         126
         159           2
          81          89
         199           7
         196          68
          80         192
         177         157
         159         187
          43         109
          90         130
          49          21
         113         187
          80         186
         114         175
         178         194
          62          94
         190          53
         105         108
          63          11
         198          61
          97          56
          81          18
         129         191
         100          93
         175         171
          46           1
           4          29
           7          94
         148          34
         166         139
          10          78
         135         137
         155         178
          45          86
          53           7
         119         100
         168         156
          11         181
          39         180
         166         143
         144          43
           4          80
          46         119
          83         100
           9         181
          88          19
         158         145
          98          82
         199         140
          27          46
          91         150
          95          40
          58           8
         132         137
          85          24
         167         122
           5         156
         161          94
          51         129
         187          58
          28          75
         147          13
          74         115
          96          69
          31         157
         187          22
         123         165
         171         155
         141         132
          93          68
         162         137
         148          81
         191         140
         172         105
          39          58
          71          35
          60         110
          55         159
          19          34
         162         177
           7         102
          50          31
         125          16
          34          65
          56          87
          25         142
          34         125
         190          28
         188          26
         132         110
          70          90
         127          69
           4          91
          40         153
         124         183
          41          31
          28         180
          63          43
          98         100
         109          95
         107          44
          14          68
         100           1
          39           5
         138         186
          40         168
          22         136
         151         186
          85         120
          88         179
          64          28
         141           9
          27         122
          67          75
          72         193
          21          38
         139         113
         172         105
          45         108
         120          58
         131         111
         149          12
          89         174
          30          10
          89         119
          54          14
         104          21
          86         135
         188          75
          84         192
         121          31
         178          95
         157         141
         162         120
         139          31
          33         115
         188         153
         123         179
         166           3
         188         116
          88          43
         186         195
          78         123
         120         192
         176          80
          13          86
          56          14
         185          37
          66          97
         113          68
         162          32
          96          24
         111           1
         102          87
         137         186
         179         147
           0          98
         108         181
          96          17
          91         116
         194         133
          54         105
         196          15
         168           2
          94         140
         161          24
          73         174
         102          84
         170         184
          35           6
          52         169
          44          94
         138          84
         177          13
          45         197
         114          12
         154         116
          72           1
          31         118
         168         194
         188          65
         162          36
          52         137
          31         164
         173         190
          67         131
          93         195
         158          38
         186         164
         150          71
          49          86
         194         163
         135          43
          82          28
           6         126
          24          71
         181          68
          57          57
         147         180
           3          33
         164         168
         168          66
           5         115
         199          72
         131          72
          73          57
         147         185
         146         146
         129         103
         124          99
         110          70
         127          12
          41         158
         162         155
          11         197
          74          18
          67         189
         123          37
          14          27
         165          33
         184           3
         106         175
         143         163
          17         157
          95          43
         111         149
          72         195
          66         189
          27         179
          57         102
          71         115
          73         106
         116         109
          88          89
         166         120
         141          56
          55          74
          95          59
         190           0
         168          70
         117         123
         114          52
           9         111
         125         103
         169         161
          99         138
          11          17
          63         125
          75          44
         126         197
         118          43
          44          99
         165          78
         181         176
          55          59
         106         164
           8          68
         174         143
          21         142
          60          80
         117         180
          69         100
         163         174
          40          41
         111         166
         134          67
          21         168
          44          23
         173          54
         164         134
         166         158
         177          12
          71         125
          72          53
         191         167
         184         104
          58          46
          25          81
          53         135
         180         134
         170         190
         116         199
          56         183
         121          16
          88         164
          50         105
         129         113
         119         109
          49         154
          62         194
          78         164
         156          22
         109          66
         109          39
          17          93
         166         133
         177         161
          42         153
         180          60
         180          34
         152          79
         105          75
         196          75
         138         173
         125          99
         128         156
         119         129
          56          19
          32          89
         180         164
          75         155
          76          56
          99          60
         158         161
          60         153
          70         117
         175          63
         176         100
         140          73
           2         117
         121         136
         169          88
         145           1
         139         191
          55          38
         193          43
         164         186
         149         195
         117         100
         150          18
         187          13
          42         100
         146         158
         190          58
          78          43
         198         189
         192         127
         109         163
          10         141
          26          97
          63         182
          30         193
         129         156
          72         117
         141           7
          55          53
         105         145
         168         119
         126         175
         197          86
          82          85
          54         195
          67         129
          67         195
         152         193
         191         126
         199         181
         191         173
         171         170
          54         114
          83          59
         194          44
         100          65
         109         172
          26         162
         183         122
          55         142
           4         120
          32          10
          41         183
          82         105
          23         115
         142         156
         160         176
         133         151
          65         163
          98         134
         160          20
         158          19
         132         199
          92         101
         159          24
          88          31
          64          80
          76          78
         199          55
         115         178
         112           0
          28          89
         168         178
         133          89
          17          17
         128         198
         174         118
         173          32
         155         102
          74         151
         133          34
         128         194
          57           7
          58         188
         169          85
         100          13
          50          34
         197         103
         161          21
          48          30
         190           4
         183         168
           5         163
         100          81
         141          56
          32         155
          51          69
         155          28
         112         101
         124           7
          21          53
          57         185
          56          90
          12          20
         156         186
          79         110
          29          79
         185          77
          52         100
          73           3
          37         134
         177         146
         149          25
          50         102
          19         154
         140          19
          38          87
         176          48
           7          81
         142         105
         175         197
         148         157
         117         139
         172          40
           8          13
         187         198
         162         181
           4          32
         168          21
          11          54
         120         101
          36          74
          51         143
         178         151
          51          17
         138          58
          58          19
          67         135
          33         182
         165          78
         166          65
