   10.1000004       6.40969167E-10
   10.3000002       6.72623263E-44
   10.5000000       0.00000000    
   10.6999998       0.00000000    
   10.8999996       0.00000000    
   11.1000004       0.00000000    
   11.3000002       0.00000000    
   11.5000000       0.00000000    
   11.6999998       1.00000000    
   11.8999996       3.00000000    
   12.1000004       1.00000000    
   12.3000002       9.00000000    
   12.5000000       9.00000000    
   12.6999998       22.0000000    
   12.8999996       35.0000000    
   13.1000004       51.0000000    
   13.3000002       73.0000000    
   13.5000000       91.0000000    
   13.6999998       133.000000    
   13.8999996       204.000000    
   14.1000004       264.000000    
   14.3000002       357.000000    
   14.5000000       410.000000    
   14.7000008       489.000000    
   14.8999996       546.000000    
   15.1000004       584.000000    
   15.3000002       599.000000    
   15.5000000       562.000000    
   15.7000008       529.000000    
   15.8999996       513.000000    
   16.1000004       427.000000    
   16.2999992       369.000000    
   16.5000000       275.000000    
   16.7000008       287.000000    
   16.8999996       202.000000    
   17.1000004       211.000000    
   17.2999992       170.000000    
   17.5000000       148.000000    
   17.7000008       152.000000    
   17.8999996       136.000000    
   18.1000004       146.000000    
   18.2999992       151.000000    
   18.5000000       180.000000    
   18.7000008       210.000000    
   18.9000015       217.000000    
   19.1000004       218.000000    
   19.2999992       234.000000    
   19.5000000       257.000000    
   19.7000008       285.000000    
   19.9000015       284.000000    
   20.1000004       340.000000    
   20.2999992       356.000000    
   20.5000000       348.000000    
   20.7000008       397.000000    
   20.9000015       383.000000    
   21.1000004       377.000000    
   21.2999992       434.000000    
   21.5000000       398.000000    
   21.7000008       416.000000    
   21.9000015       404.000000    
   22.1000004       426.000000    
   22.2999992       400.000000    
   22.5000000       381.000000    
   22.7000008       380.000000    
   22.9000015       349.000000    
   23.1000004       383.000000    
   23.2999992       352.000000    
   23.5000000       322.000000    
   23.7000008       324.000000    
   23.9000015       312.000000    
   24.1000004       287.000000    
   24.2999992       272.000000    
   24.5000000       237.000000    
   24.7000008       211.000000    
   24.9000015       186.000000    
   25.1000004       141.000000    
   25.2999992       144.000000    
   25.5000000       143.000000    
   25.7000008       121.000000    
   25.9000015       121.000000    
   26.1000004       96.0000000    
   26.3000011       64.0000000    
   26.5000000       66.0000000    
   26.7000008       69.0000000    
   26.8999996       45.0000000    
   27.1000004       38.0000000    
   27.3000011       39.0000000    
   27.5000000       34.0000000    
   27.7000008       32.0000000    
   27.8999996       31.0000000    
   28.1000004       16.0000000    
   28.3000011       15.0000000    
   28.5000000       13.0000000    
   28.7000008       10.0000000    
   28.8999996       12.0000000    
   29.1000004       10.0000000    
   29.3000011       4.00000000    
   29.5000000       3.00000000    
   29.7000008       1.00000000    
   29.8999996       3.00000000    
