   10.0000000       6.40969167E-10
   10.0000000       6.72623263E-44
   10.0000000       0.00000000    
   10.0000000       0.00000000    
   10.0000000       0.00000000    
   10.0000000       0.00000000    
   10.0000000       0.00000000    
   10.0000000       0.00000000    
   10.0000000       1.00000000    
   10.0000000       3.00000000    
   10.0000000       1.00000000    
   10.0000000       9.00000000    
   10.0000000       9.00000000    
   10.0000000       22.0000000    
   10.0000000       35.0000000    
   10.0000000       51.0000000    
   10.0000000       73.0000000    
   10.0000000       91.0000000    
   10.0000000       133.000000    
   10.0000000       204.000000    
   10.0000000       264.000000    
   10.0000000       357.000000    
   10.0000000       410.000000    
   10.0000000       489.000000    
   10.0000000       546.000000    
   10.0000000       584.000000    
   10.0000000       599.000000    
   10.0000000       562.000000    
   10.0000000       529.000000    
   10.0000000       513.000000    
   10.0000000       427.000000    
   10.0000000       369.000000    
   10.0000000       275.000000    
   10.0000000       287.000000    
   10.0000000       202.000000    
   10.0000000       211.000000    
   10.0000000       170.000000    
   10.0000000       148.000000    
   10.0000000       152.000000    
   10.0000000       136.000000    
   10.0000000       146.000000    
   10.0000000       151.000000    
   10.0000000       180.000000    
   10.0000000       210.000000    
   10.0000000       217.000000    
   10.0000000       218.000000    
   10.0000000       234.000000    
   10.0000000       257.000000    
   10.0000000       285.000000    
   10.0000000       284.000000    
   10.0000000       340.000000    
   10.0000000       356.000000    
   10.0000000       348.000000    
   10.0000000       397.000000    
   10.0000000       383.000000    
   10.0000000       377.000000    
   10.0000000       434.000000    
   10.0000000       398.000000    
   10.0000000       416.000000    
   10.0000000       404.000000    
   10.0000000       426.000000    
   10.0000000       400.000000    
   10.0000000       381.000000    
   10.0000000       380.000000    
   10.0000000       349.000000    
   10.0000000       383.000000    
   10.0000000       352.000000    
   10.0000000       322.000000    
   10.0000000       324.000000    
   10.0000000       312.000000    
   10.0000000       287.000000    
   10.0000000       272.000000    
   10.0000000       237.000000    
   10.0000000       211.000000    
   10.0000000       186.000000    
   10.0000000       141.000000    
   10.0000000       144.000000    
   10.0000000       143.000000    
   10.0000000       121.000000    
   10.0000000       121.000000    
   10.0000000       96.0000000    
   10.0000000       64.0000000    
   10.0000000       66.0000000    
   10.0000000       69.0000000    
   10.0000000       45.0000000    
   10.0000000       38.0000000    
   10.0000000       39.0000000    
   10.0000000       34.0000000    
   10.0000000       32.0000000    
   10.0000000       31.0000000    
   10.0000000       16.0000000    
   10.0000000       15.0000000    
   10.0000000       13.0000000    
   10.0000000       10.0000000    
   10.0000000       12.0000000    
   10.0000000       10.0000000    
   10.0000000       4.00000000    
   10.0000000       3.00000000    
   10.0000000       1.00000000    
   10.0000000       3.00000000    
