   1.99999996E-02  0.877857149    
   3.99999991E-02   1.34454024    
  0.119999997       1.38857746    
  0.140000001       1.55150926    
  0.219999999      0.992676198    
  0.239999995       1.52450395    
  0.319999993       1.19575334    
  0.340000004      0.887812734    
  0.419999987       1.10872221    
  0.439999998       1.50042117    
  0.519999981       1.38284445    
  0.540000021       1.40849531    
  0.620000005       1.14758253    
  0.639999986       1.65012753    
  0.720000029       1.61658525    
  0.740000010       1.62059784    
  0.819999993       1.69911921    
  0.839999974       1.23773611    
  0.920000017       1.70944989    
  0.939999998       1.58906829    
   1.01999998       1.59939539    
   1.03999996       1.59221554    
   1.12000000       1.25026333    
   1.13999999       1.92910147    
   1.22000003       1.82560432    
   1.24000001       1.83920848    
   1.32000005       1.48790705    
   1.34000003       1.94782495    
   1.41999996       2.18026161    
   1.44000006       2.39774132    
   1.51999998       1.96976197    
   1.53999996       1.84361231    
   1.62000000       1.58452535    
   1.63999999       2.22161603    
   1.72000003       1.62446713    
   1.74000001       1.77461982    
   1.82000005       1.20073771    
   1.84000003       1.61221194    
   1.91999996       2.50825596    
   1.94000006       1.95663774    
   2.01999998       1.80819666    
   2.03999996       2.20614552    
   2.11999989       1.93052709    
   2.14000010       2.03290820    
   2.22000003       1.74294066    
   2.24000001       2.40644455    
   2.31999993       2.17401695    
   2.33999991       1.90593863    
   2.42000008       1.87124181    
   2.44000006       1.82630146    
   2.51999998       2.75082254    
   2.53999996       2.43864465    
   2.61999989       2.10856342    
   2.64000010       2.77197695    
   2.72000003       2.36152601    
   2.74000001       2.50546384    
   2.81999993       1.76265037    
   2.83999991       2.78720999    
   2.92000008       2.58341646    
   2.94000006       2.32519460    
   3.01999998       3.00388575    
   3.03999996       2.61931276    
   3.11999989       2.22898197    
   3.14000010       2.53244972    
   3.22000003       2.33009696    
   3.24000001       2.21915030    
   3.31999993       2.24683309    
   3.33999991       2.83110809    
   3.42000008       2.62590551    
   3.44000006       2.50175428    
   3.51999998       2.85314870    
   3.53999996       2.58762574    
   3.61999989       2.61985397    
   3.64000010       2.28224277    
   3.72000003       2.12009168    
   3.74000001       2.36094618    
   3.81999993       3.18034124    
   3.83999991       2.66493297    
   3.92000008       2.56033301    
   3.94000006       2.50722051    
   4.01999998       2.48239017    
   4.03999996       3.03113437    
   4.11999989       2.78712773    
   4.13999987       2.90726495    
   4.21999979       3.35498762    
   4.23999977       2.75797367    
   4.32000017       3.20723248    
   4.34000015       3.32799816    
   4.42000008       2.97420049    
   4.44000006       2.96322894    
   4.51999998       4.05287170    
   4.53999996       3.02922177    
   4.61999989       2.91305184    
   4.63999987       2.67215562    
   4.71999979       3.19006443    
   4.73999977       3.14186716    
   4.82000017       2.65311003    
   4.84000015       2.99949265    
   4.92000008       3.61790085    
   4.94000006       2.83704281    
   5.01999998       3.46349978    
   5.03999996       2.85962915    
   5.11999989       3.00076985    
   5.13999987       3.28519583    
   5.21999979       3.81045151    
   5.23999977       3.33966994    
   5.32000017       3.36055470    
   5.34000015       3.40019369    
   5.42000008       3.52354240    
   5.44000006       3.32285929    
   5.51999998       3.22282887    
   5.53999996       3.14330935    
   5.61999989       3.77234697    
   5.63999987       4.12217665    
   5.71999979       3.40988827    
   5.73999977       3.40780735    
   5.82000017       3.67078590    
   5.84000015       4.02629042    
   5.92000008       3.84495258    
   5.94000006       3.35855746    
   6.01999998       4.02774906    
   6.03999996       3.50579190    
   6.11999989       4.02434206    
   6.13999987       3.83615232    
   6.21999979       3.28358483    
   6.23999977       3.64426088    
   6.32000017       4.12571383    
   6.34000015       4.03634834    
   6.42000008       4.42649841    
   6.44000006       3.93337488    
   6.51999998       3.95386386    
   6.53999996       4.15077925    
   6.61999989       4.20115089    
   6.63999987       3.48346281    
   6.71999979       3.99881959    
   6.73999977       3.66136789    
   6.82000017       3.86930132    
   6.84000015       3.48046255    
   6.92000008       4.19146776    
   6.94000006       4.02995110    
   7.01999998       3.96140599    
   7.03999996       4.04473686    
   7.11999989       4.04393435    
   7.13999987       4.57720757    
   7.21999979       4.65806866    
   7.23999977       4.39570808    
   7.32000017       4.71764135    
   7.34000015       4.48658895    
   7.42000008       4.63727188    
   7.44000006       4.44858456    
   7.51999998       4.50219965    
   7.53999996       4.53320551    
   7.61999989       4.29146814    
   7.63999987       4.37269497    
   7.71999979       4.66499424    
   7.73999977       4.51359940    
   7.82000017       4.45192194    
   7.84000015       4.25337601    
   7.92000008       4.57981777    
   7.94000006       4.06513977    
   8.02000046       4.94995451    
   8.03999996       4.51780510    
   8.11999989       4.74725676    
   8.14000034       5.01762295    
   8.22000027       4.12744713    
   8.23999977       4.80947399    
   8.31999969       4.96401072    
   8.34000015       4.72110033    
   8.42000008       4.46989918    
   8.43999958       5.01430607    
   8.52000046       4.96055508    
   8.53999996       4.83331680    
   8.61999989       5.44666958    
   8.64000034       4.45602798    
   8.72000027       4.72381258    
   8.73999977       4.65856457    
   8.81999969       4.74869061    
   8.84000015       5.33520794    
   8.92000008       4.96410942    
   8.93999958       4.80968237    
   9.02000046       4.66980219    
   9.03999996       5.21963882    
   9.11999989       5.47713470    
   9.14000034       4.96126795    
   9.22000027       5.60527849    
   9.23999977       5.60817337    
   9.31999969       5.66984224    
   9.34000015       4.99728155    
   9.42000008       5.33346081    
   9.43999958       4.63576889    
   9.52000046       4.80715847    
   9.53999996       5.25483894    
   9.61999989       5.38449621    
   9.64000034       4.73620129    
   9.72000027       5.62434435    
   9.73999977       5.58972216    
   9.81999969       5.41018152    
   9.84000015       4.80530930    
   9.92000008       5.25955009    
   9.93999958       5.09516764    
